total_include:4
啊
000000000000000000000000
000000001000100000000000
001001001111110000000110
001111101101101111111110
001001001101100000001100
001001001101000000001100
001001001101000000001100
001001001101001001001100
001001001110001111101100
001001001110001001001100
001001001101001001001100
001001001101101001001100
001001001100101001001100
001001001100101001001100
001111001100101111001100
001001001101101001001100
001001001111101000001100
001000001101000000001100
001000001100000000001100
000000001100000000001100
000000001100000011111100
000000001100000000111000
000000001100000000010000
000000001000000000000000
啊
000000000000000000000000
000000000000000000000000
000000000011100000000000
000000011111100000000000
000000011001000000111110
000011001010011111111110
011111101011111001100000
011001101011000000110000
011001001011000100100000
011011001001111110100000
011011001001101100100000
001110001001101100100000
001000001000111100110000
001000001000110000110000
000000001000000000110000
000000001000000000110000
000000001000000000110000
000000011000000000110000
000000011000000000110000
000000011000000111110000
000000001000000011110000
000000000000000001110000
000000000000000000000000
000000000000000000000000
啊
000000000000000000000000
000000001111100000000000
011111101111111111111110
011111101101111111111110
011001101101100000001100
011001101101100000001100
011001101101101111101100
011001101111001111101100
011001101111001101101100
011001101111001101101100
011001101111001101101100
011001101101101101101100
011001101101101101101100
011001101101101101101100
011111101101101111101100
011111101101101111101100
011111101111101111101100
011001101111101101101100
011000001111001100001100
011000001100000000001100
000000001100000000001100
000000001100000001111100
000000001100000000111100
000000000000000000000000
啊
000000010000000000000000
000000001011000000000100
000000001111000011111110
001001011011111110110000
001011111010000000110000
001111011010000000110000
001001011010010010110000
001001011010011110110000
001101011011011010110000
001101011001010010110000
001111001101010010110000
001100001111010010110000
001100001010011110110000
000000001000011100010000
000000001000011000010000
000000001000000000010000
000000001000000000010000
000000001000000000010000
000000001000000000010000
000000001000000010010000
000000001000000001110000
000000011000000000110000
000000001000000000110000
000000000000000000000000