total_include:4
阿
000000000000000000000000
000100001000000000000000
000111111100000000000110
000110011001111111111110
000110011000000000011000
000110010000000000011000
000110100001000110011000
000110100001111111011000
000110100001100110011000
000110010001100110011000
000110010001100110011000
000110001001100110011000
000110001101100110011000
000110001101100110011000
000110001101100110011000
000111111101111110011000
000110111001100110011000
000110010001000100011000
000110000000000000011000
000110000000000000011000
000110000000000111111000
000110000000000001110000
000110000000000000100000
000100000000000000000000
阿
000000000000000000000000
000000001000000000000000
000000011100000000000000
000111111100000000011100
000110011000000111111110
000110010111111111000000
000010100111000001100000
000010110000000001100000
000010010000011001100000
000010011111111101100000
000010111110011001000000
000010011010011001100000
000010000010111001100000
000110000011111001100000
000110000010000001100000
000110000000000001100000
000110000000000001100000
000110000000000001100000
000110000000000001100000
000110000000001111100000
000110000000000111100000
000000000000000011100000
000000000000000000000000
000000000000000000000000
阿
000000000000000000000000
001111111111111111111110
001111111111111111111110
001100111000000000011000
001100110000000000011000
001100110000000000011000
001100110011111110011000
001101110011111110011000
001101100011000110011000
001101110011000110011000
001101110011000110011000
001100111011000110011000
001100111011000110011000
001100011011000110011000
001100011011111110011000
001100111011111110011000
001111111011000110011000
001101110011000000011000
001100000000000000011000
001100000000000000011000
001100000000000011111000
001100000000000011111000
001100000000000001111000
000000000000000000000000
阿
000000000000000000000000
000010001100000000000000
000011111000000011111110
000010011111111111100000
000010010110000000110000
000010010000000000100000
000010010000000000100000
000010010001000100100000
000010001001111100100000
000010001001000100100000
000010001001000100100000
000010001001001100100000
000010111001001100100000
000010011001111100100000
000010000001000000100000
000010000001000000100000
000010000000000000100000
000010000000000000100000
000010000000000000100000
000010000000001100100000
000110000000000111100000
000010000000000011100000
000010000000000001100000
000000000000000000000000