total_include:4
埃
000000000000010000000000
000010000000011100000000
000011100000011000000000
000011000000110011000000
000011000001100001110000
000011000011000000011000
000011000111111111111100
000011010011000000001100
011111111001000000000000
000011000001110000000000
000011000011000000110000
000011000011111111111000
000011000110001100000000
000011001000001100000000
000011010000001100001100
000011001111111111111110
000011110000011100000000
000111000000110100000000
011100000000110010000000
001000000001100011000000
000000000011000001100000
000000000110000000111000
000000011000000000011110
000001100000000000001000
埃
000000000000001100000000
000000000000001110000000
000011100000001100000000
000001100000011000000000
000001100000110001100000
000001100000100001110000
000001100011111111110000
000001100011111000110000
000001111001000000000000
001111110001110000000000
000111100001101111100000
000001100001111110000000
000001100010011000000000
000001101000011000111100
000001110000011111111110
000011101111111000000000
011110001110011100000000
011100000000110110000000
000000000000110011000000
000000000001100011100000
000000000011000001111000
000000001110000000111110
000000000000000000000000
000000000000000000000000
埃
000000000000000100000000
000011000000001110000000
000011000000011100000000
000011000000011000010000
000011000000110000111000
000011000001100000111000
000011000111111111111100
000011000011111111111110
011111111011111000001110
011111111000110000000000
000011000001110000000000
000011000011111111111100
000011000011111111111100
000011000111000110000000
000011000110000110000000
000011000000000110000000
000011011111111111111110
000011111111111111111110
011111111000001111000000
011111000000011111100000
011000000000111001110000
000000000001110001111000
000000001111100000111110
000000001111000000001110
埃
000000000000001000000000
000001100000001100000000
000000100000001000000000
000000100000011000000000
000000100000010011000000
000000100000110001100000
000000100000100000110000
000000100001111111110000
000000111111110000010000
001111110000100000000000
000100100000100000000000
000000100001100011100000
000000100001111110000000
000000100011001000000000
000000101010001000000000
000000110100001001111000
000001100001111111100000
000111001111111100000000
011100000000010110000000
001000000000010010000000
000000000000110001000000
000000000001100001100000
000000000011000000111000
000000000110000000011110