total_include:4
挨
000010000000000100000000
000011100000001110000000
000011000000001100000000
000011000000011001000000
000011000000110000110000
000011010000100000011000
011111111011111111111100
000011000001100000001100
000011000000100000000100
000011000000110000000000
000011001001100000110000
000011110011111111111000
000111000010001100000000
011111000100001100000000
001011000000001100001100
000011001111111111111110
000011000000011010000000
000011000000011010000000
000011000000011001000000
000011000000110001100000
000011000001100000111000
011111000011000000011110
000110001110000000001000
000000110000000000000000
挨
000000100000000000000000
000000111000001110000000
000000111000001100000000
000000110000001100000000
000000110000011001100000
000000110000010001110000
000000111101111111110000
000011111001111000000000
001111110000100000000000
000000110001100011100000
000000110001111111100000
000000111011111000000000
000000110110011000000000
000011110000011111111100
001110110011111111000000
111100111111011100000000
111000110000011110000000
000000110000110011000000
000000110000110001100000
000011110001100001111100
000001110111000000111111
000001100000000000000000
000000000000000000000000
000000000000000000000000
挨
000011000000001110000000
000011000000011100000000
000011000000011100110000
000011000000111000111000
000011000001110000011000
011111111011111111111100
011111111011111111111110
000011000011110000001110
000011000000110000000000
000011000001110000000000
000011011001111111111100
000011111011111111111100
000111110011000110000000
011111000011000110000000
011111000100001110000000
000011001111111111111110
000011001111111111111110
000011000000001111000000
000011000000011111100000
000011000000111001110000
000011000011110000111000
001111001111100000111110
001111000111000000001110
000000000000000000000000
挨
000000000000001000000000
000001100000001000000000
000000110000001100000000
000000100000011000000000
000000100000010010000000
000000100000110001000000
000000100000100000100000
000000101101000111110000
000111111111111100010000
001100100011100000010000
000000100000110000000000
000000101101100111100000
000000110001111100000000
000001100011001000000000
000110100010001000001000
011100100100011111111100
000000101111111100000000
000000100100010100000000
000000100000010010000000
000000100000100010000000
000000100001100001000000
000110100001000001100000
000011100010000001110000
000001100100000000111110