total_include:4
哎
000000000000100001000000
000000000000111001110000
000000000000110001100000
001000110000110001101100
001111110111111111111110
001100110000110001100000
001100110000110001100000
001100110000100001000000
001100110000000000100000
001100110001000000111000
001100110000100000110000
001100110000100001100000
001100110000100001100000
001100110000010011000000
001111110000010011000000
001100110000011011000000
001100100000001110000000
001000000000001110000000
000000000000011110000000
000000000000110011100000
000000000001100001111110
000000000110000000011000
000000111000000000001000
000000000000000000000000
哎
000000000000000000000000
000000000000000111000000
000000000100000111000000
000000000111000110000000
000000000011000111110000
000000000011011111111000
000011011111111100000000
111111111011001000000000
111001100011001000000000
010001100000001000000000
011001000000001100000000
011011101100001100000000
011111000110001100000000
011000000011001000000000
011000000001111000000000
000000000000111000000000
000000000000111000000000
000000000001111100000000
000000000011101110000000
000000001110000111110000
000001111000000011111111
000000000000000000000000
000000000000000000000000
000000000000000000000000
哎
000000000000110001100000
000000000000110001100000
000000000000110001100000
001111111000110001100000
001111111111111111111110
001100011111111111111110
001100011000110001100000
001100011000110001100000
001100011000110001100000
001100011000000001111000
001100011001100001110000
001100011001110001110000
001100011001110001100000
001100011000110011100000
001100011000110011000000
001111111000111011000000
001111111000011111000000
001100011000011110000000
001100011000011111000000
001100000000111111110000
001100000011110011111110
000000011111100000111110
000000001111000000011110
000000000000000000000000
哎
000000000000000010000000
000000000001000011000000
000000000001100010000000
000000000001100110000000
000000000001100110110000
000100011111111111110000
000111111111100100000000
000100010001100100000000
000100010001100100000000
000100010000101010000000
000100110010000011000000
000100110011000010000000
000111110001000110000000
000110000000100100000000
000110000000111100000000
000000000000011000000000
000000000000011000000000
000000000000011000000000
000000000000100100000000
000000000001100110000000
000000000011000011000000
000000001100000001100000
000000011000000001111110
000001100000000000110000