total_include:4
唉
000000000000001000000000
000000000000001110000000
000000000000011000000000
001000110000110001000000
001111111001100001100000
001100110011000000110000
001100110111111111111000
001100110011100000011000
001100110000110000010000
001100110001100000000000
001100110011000000110000
001100110011111111111000
001100110110001100000000
001100111000001100000000
001111110000001100001100
001100110111111111111110
001100100000011100000000
001000000000010010000000
000000000000110011000000
000000000001100001100000
000000000011000000111000
000000000110000000011110
000000011000000000001000
000001100000000000000000
唉
000000000000011000000000
000000000000011100000000
000000000000011000000000
000000000000011000000000
000000000000110011100000
000000100000100011100000
011011111001111111110000
001110111011110000100000
001100110001000000000000
001100110011000011000000
001100110011011111000000
001111110011111100000000
001110000110011000000000
001100001100011001111100
000000000000111111111110
000001111111111000000000
000000111000011000000000
000000000000110100000000
000000000000110110000000
000000000001100011100000
000000000011000001111000
000000001110000000111111
000000000000000000000000
000000000000000000000000
唉
000000000000001110000000
000000000000011100000000
001111110000011001100000
001111110000111001110000
001111110001110000111000
001100110111111111111000
001100110111111111111100
001100110011111000001110
001100110001110000001000
001100110001100000000000
001100110011111111111100
001100110011111111111100
001100110110001110000000
001100110110001100000000
001111110000001100000000
001111110111111111111110
001111110111111111111110
001100110000011111000000
001100110000011011000000
001100000000111001100000
000000000001110001111000
000000001111100000111110
000000011111000000011110
000000000100000000001100
唉
000000000000001000000000
000000000000001000000000
000000000000011000000000
000000000000010000000000
000000000000110011000000
000000000000100001100000
000100110001000001110000
000111110011111110110000
000100110111100000010000
000100110001000000000000
000100110001000001100000
000100100011111111100000
000111110011111000000000
000110000110001000000000
000100000100011000000000
000100000000011111111100
000000011111111110000000
000000011000011100000000
000000000000010100000000
000000000000100010000000
000000000001100011000000
000000000011000001100000
000000000110000001110000
000000001100000000111110