total_include:4
哀
000000000100000000000000
000000000011000000000000
000000000001100000000000
000000000001000000011000
001111111111111111111100
000000000000000000000000
000000100000000011000000
000000111111111111100000
000000110000000011000000
000000110000000011000000
000000110000000011000000
000000110000000011000000
000000111111111111000000
000000100110010010001000
000000000110010000011100
000000001100001000110000
000000011000001011000000
000001111000000100000000
000110011000000110000000
011000011000110011000000
000000011011000001110000
000000111100000000011110
000000011000000000001000
000000000000000000000000
哀
000000000000000000000000
000000000011100000000000
000000000001110000000000
000000000000000111100000
000000000111111111110000
000011111111000000000000
000000100000001100000000
000000000011111110000000
000000011110001110000000
000000001000001100000000
000000001100111000000000
000000000111100010000000
000000000110000011000000
000000001111100110000000
000000001100111000000000
000000011110011000000000
000000110110001110000000
000011100100000111100000
000110000100110011111100
001100000111100001111111
000000000111000000000000
000000001110000000000000
000000000100000000000000
000000000000000000000000
哀
000000000011100000000000
000000000001110000000000
000000000001110000000000
011111111111111111111110
011111111111111111111110
000000000000000000000000
000001111111111111110000
000001111111111111110000
000001100000000000110000
000001100000000000110000
000001100000000000110000
000001111111111111110000
000001111111111111110000
000000000111100000000000
000000001110110001100000
000000111100111001110000
000001111000011111100000
000111111000011111000000
011111011000001110000000
011100011011100111110000
000000011111100011111110
000000111110000000111100
000000111100000000001100
000000010000000000000000
哀
000000000001000000000000
000000000001100000000000
000000000001100000000000
000000000000100001111000
000000001111111111110000
000111111110000000000000
000000000000000010000000
000000010111111110000000
000000011111000110000000
000000011000000110000000
000000011000000110000000
000000011001111110000000
000000011111100000000000
000000001011000001000000
000000000111100001100000
000000001100100011000000
000000011000011100000000
000000111000001000000000
000001101000001100000000
000010001000100110000000
001100001001000011000000
010000001110000011110000
000000001100000001111110
000000011000000000000000