total_include:4
皑
000000000000000100000000
000001000000000111000000
000001110001000110001000
000001100001110110001110
000011000001100110001100
001010011001100110001100
001111111101100110001100
001100011011111111111100
001100011001000000001000
001100011000000000001000
001100011011111111111100
001100011000000000011000
001111111000000000011000
001100011000000000011000
001100011001000000011000
001100011001111111111000
001100011001100000010000
001100011001100000000100
001111111001100000000100
001100011001100000000100
001000010001100000000110
000000000001111111111110
000000000000111111111100
000000000000000000000000
皑
000000000000000000000000
000000000000001100000000
000000000000001110000000
000001110000000100011000
000001110010000100011000
000001100011001100011000
000001000001001111110000
000011000011111100100000
000010111011100000000000
001111111100000001100000
001100001100011111110000
000100001001111001110000
000100001000000001100000
000111101000000111000000
000100001001111111000000
000100001001100000000000
000100011001100000000010
000111111001100000000010
000100011001100000000110
000100011001100000000110
000000000000110000111111
000000000000111111111110
000000000000000000000000
000000000000000000000000
皑
000000000000000110000000
000011000000000110000000
000011000011000110001100
000111000011000110001100
000111000011000110001100
011111110011000110001100
011111110011000110001100
011000110011111111111100
011000110011111111111100
011000110000000000000000
011000110011111111111100
011000110011111111111100
011111110000000000001100
011111110000000000001100
011000110000000000001100
011000110011111111111100
011000110011111111111100
011000110011000000000000
011000110011000000000000
011111110011000000000000
011111110011000000000110
011000110011000000000110
011000000011111111111110
011000000001111111111110
皑
000000000000001100000000
000000100000001100000000
000000110010001100110000
000000100011001000110000
000001100001001000110000
000001000001001000100000
000101001001001000100000
000111111001011111100000
000110001011111000100000
000100001000000000000000
000100001000000011110000
000100001011111111100000
000111111001000000100000
000110001000000001100000
000110001011000001100000
000110011001111111100000
000110011001000000000000
000111111001000000000000
000110011001000000001000
000100000001000000001000
000000000001000000001100
000000000001000000001100
000000000001110000111100
000000000000000000000000