total_include:4
癌
000000000001100000000000
000000000000110000001000
000010000000100000011100
000011111111111111111110
000011000000000000000000
000011000100000001100000
010011000111111111110000
011011000110000001100000
011011000110000001100000
001011000111111111100000
000011000100000001000000
000011010001100100011000
001111011111110111111100
011011011001100110011000
001011011001100110011000
000011011111100111111000
000011010001000100010000
000010000000011000000000
000110011000011000011000
000100011000011000011000
001100011000011000011000
001000111111111111111000
001000010000000000011000
010000000000000000000000
癌
000000000000110000000000
000000000000011100000000
000000000000011100000000
000000000000000111110000
000000011111111111100000
000000011111000000000000
000000001100000111000000
000110011001111111100000
000011011001100011000000
000011011000111111000000
000001011000100000000000
000000011000010111111000
000000111111111110011000
000011110110010110110000
011110110110110111110000
001100110011101100000000
000000100000001100010000
000001100010001100011000
000001100011001100011000
000011000011001111111000
000010000111111110011000
000100000111000000010000
001000000000000000000000
000000000000000000000000
癌
000000000000001000000000
000000000000011100000000
000000000000011100000000
000011111111111111111110
000011111111111111111110
011011100000000000000000
011011100011111111111000
011111100011111111111000
011111100011000000111000
001111100011111111111000
001011100011111111111000
000011100000000000000000
000011101111110011111100
011111101111110011111100
011111101100110011001100
011011101100110011001100
000011001111110011111100
000011001111110011111100
000011000000001100000000
000111001100001100001100
000111001100001100001100
001110001100001100001100
001110001111111111111100
001100001111111111111100
癌
000000000000110000000000
000000000000011000000000
000000000000011000011000
000000100000011111111100
000000111111110000000000
000000100000000011000000
001000100011111111000000
000100100011100010000000
000110100011000010000000
000010100011011111000000
000000100011111000000000
000001100001001000010000
000011101000111111110000
001101001111101100010000
011001001000101100110000
000001001000101111110000
000001001111110110000000
000011001000011000010000
000010001000011000010000
000010001000011000010000
000100001000011000010000
000100001100011000110000
001000001111111111110000
010000001110000000100000