total_include:4
蔼
000000001000001000000000
000000001110001110000000
000000001100001100001100
011111111111111111111110
000000001100001100000000
000100001000001000110000
000011000111111111111000
000001100110000000110000
000001100111111111110000
000000000110000000110000
000011000111111111110000
011111100100110000100000
000011000001100000001100
000011000011111111111110
000011000110001000001100
000011001100001100001100
000011010110011010001100
000011000110100001001100
000011010110000010001100
000011100111111111011000
000011101110000000011000
000111000100000111111000
000010000000000001110000
000000000000000000100000
蔼
000000000000000100000000
000000011000000110000000
000000011100000110110000
000000001100111111111000
000001111111111100000000
000111111100001000000000
000000000100000011110000
000001110001111101110000
000000111001100101110000
000000011000111101100000
000000000000100011100000
000000000000111111000000
000001110000110000110000
001111110000111111111100
011100100001111100011000
000000100010001000011000
000000100111011100011000
000001100011110110011000
000001101111000010011000
000001111011011110011000
000011110011111110011000
000011100010000000011000
000001000000000010110000
000000000000000011110000
蔼
000000011000001100000000
000000011000001100000000
000000011000001100000000
011111111111111111111110
011111111111111111111110
000000011000001100000000
000110011111111111111000
000111000111111111111000
000011000110000000011000
000011100111111111111000
000001000111111111111000
011111000110000000011000
011111000111111111111000
011111000111111111111000
000011000011100000000000
000011000111111111111100
000011001111111111111100
000011011110011100001100
000011011110011111001100
000011010111110011101100
000111111110100001001100
000111110111111111001100
000111000111111111111100
000110000000000001111100
蔼
000000000000001000000000
000000001100001100000000
000000000100001100010000
000000000100111111111000
000111111111111000000000
000000000100011000000000
000000000100010001100000
000001000110111111100000
000000110011100001000000
000000010010001101000000
000000000011111001000000
000000000010000011000000
000001100011111111000000
011111100011100000010000
000001100001100111111000
000001100011111110010000
000001100100011000010000
000001011100011000110000
000001000100100110100000
000001010101000010100000
000001110101111100100000
000001100111100000100000
000001000000000101100000
000000000000000011100000